0   AAAAMM   000000   17764
1   2000-FEB   200002   17764
2   2000-MAR   200003   17760
3   2000-APR   200004   17760
4   2000-MAY   200005   17760
5   2000-JUN   200006   17759
6   2000-JUL   200007   17758
7   2000-AUG   200008   17754
8   2000-SEP   200009   17753
9   2000-OCT   200010   17731
10   2000-NOV   200011   17726
11   2000-DEC   200012   17726
12   2001-JAN   200101   17714
13   2001-FEB   200102   17709
14   2001-MAR   200103   17690
15   2001-APR   200104   17679
16   2001-MAY   200105   17661
17   2001-JUN   200106   17631
18   2001-JUL   200107   17613
19   2001-AUG   200108   17598
20   2001-SEP   200109   17578
21   2001-OCT   200110   17558
22   2001-NOV   200111   17551
23   2001-DEC   200112   17536
24   2002-JAN   200201   17507
25   2002-FEB   200202   17481
26   2002-MAR   200203   17467
27   2002-APR   200204   17446
28   2002-MAY   200205   17409
29   2002-JUN   200206   17400
30   2002-JUL   200207   17397
31   2002-AUG   200208   17384
32   2002-SEP   200209   17373
33   2002-OCT   200210   17360
34   2002-NOV   200211   17335
35   2002-DEC   200212   17326
36   2003-JAN   200301   17307
37   2003-FEB   200302   17297
38   2003-MAR   200303   17290
39   2003-APR   200304   17258
40   2003-MAY   200305   17239
41   2003-JUN   200306   17221
42   2003-JUL   200307   17207
43   2003-AUG   200308   17199
44   2003-SEP   200309   17177
45   2003-OCT   200310   17151
46   2003-NOV   200311   17136
47   2003-DEC   200312   17135
48   2004-JAN   200401   17120
49   2004-FEB   200402   17118
50   2004-MAR   200403   17110
51   2004-APR   200404   17103
52   2004-MAY   200405   17095
53   2004-JUN   200406   17080
54   2004-JUL   200407   17051
55   2004-AUG   200408   17043
56   2004-SEP   200409   17032
57   2004-OCT   200410   17030
58   2004-NOV   200411   17027
59   2004-DEC   200412   17019
60   2005-JAN   200501   17015
61   2005-FEB   200502   17012
62   2005-MAR   200503   16986
63   2005-APR   200504   16971
64   2005-MAY   200505   16951
65   2005-JUN   200506   16949
66   2005-JUL   200507   16911
67   2005-AUG   200508   16893
68   2005-SEP   200509   16874
69   2005-OCT   200510   16860
70   2005-NOV   200511   16833
71   2005-DEC   200512   16826
72   2006-JAN   200601   16818
73   2006-FEB   200602   16803
74   2006-MAR   200603   16803
75   2006-APR   200604   16803
76   2006-MAY   200605   16803
77   2006-JUN   200606   16803
78   2006-JUL   200607   16732
79   2006-AUG   200608   16675
80   2006-SEP   200609   16622
81   2006-OCT   200610   16566
82   2006-NOV   200611   16529
83   2006-DEC   200612   16504
84   2007-JAN   200701   16428
85   2007-FEB   200702   16367
86   2007-MAR   200703   16318
87   2007-APR   200704   16234
88   2007-MAY   200705   16193
89   2007-JUN   200706   16132
90   2007-JUL   200707   16100
91   2007-AUG   200708   16064
92   2007-SEP   200709   15988
93   2007-OCT   200710   15949
94   2007-NOV   200711   15909
95   2007-DEC   200712   15887
96   2008-JAN   200801   15820
97   2008-FEB   200802   15760
98   2008-MAR   200803   15721
99   2008-APR   200804   15676
100   2008-MAY   200805   15633
101   2008-JUN   200806   15600
102   2008-JUL   200807   15556
103   2008-AUG   200808   15525
104   2008-SEP   200809   15481
105   2008-OCT   200810   15445
106   2008-NOV   200811   15423
107   2008-DEC   200812   15404
108   2009-JAN   200901   15374
109   2009-FEB   200902   15358
110   2009-MAR   200903   15334
111   2009-APR   200904   15297
112   2009-MAY   200905   15260
113   2009-JUN   200906   15241
114   2009-JUL   200907   15223
115   2009-AUG   200908   15207
116   2009-SEP   200909   15187
117   2009-OCT   200910   15169
118   2009-NOV   200911   15159
119   2009-DEC   200912   15137
120   2010-JAN   201001   15117
121   2010-FEB   201002   15105
122   2010-MAR   201003   15078
123   2010-APR   201004   15072
