0   AAAAMM   000000   0
1   2000-FEB   200002   0
2   2000-MAR   200003   4
3   2000-APR   200004   4
4   2000-MAY   200005   4
5   2000-JUN   200006   5
6   2000-JUL   200007   6
7   2000-AUG   200008   10
8   2000-SEP   200009   11
9   2000-OCT   200010   33
10   2000-NOV   200011   38
11   2000-DEC   200012   38
12   2001-JAN   200101   50
13   2001-FEB   200102   55
14   2001-MAR   200103   74
15   2001-APR   200104   85
16   2001-MAY   200105   103
17   2001-JUN   200106   133
18   2001-JUL   200107   151
19   2001-AUG   200108   166
20   2001-SEP   200109   186
21   2001-OCT   200110   206
22   2001-NOV   200111   213
23   2001-DEC   200112   228
24   2002-JAN   200201   257
25   2002-FEB   200202   283
26   2002-MAR   200203   297
27   2002-APR   200204   318
28   2002-MAY   200205   355
29   2002-JUN   200206   364
30   2002-JUL   200207   367
31   2002-AUG   200208   380
32   2002-SEP   200209   391
33   2002-OCT   200210   404
34   2002-NOV   200211   429
35   2002-DEC   200212   438
36   2003-JAN   200301   457
37   2003-FEB   200302   467
38   2003-MAR   200303   474
39   2003-APR   200304   506
40   2003-MAY   200305   525
41   2003-JUN   200306   543
42   2003-JUL   200307   557
43   2003-AUG   200308   565
44   2003-SEP   200309   587
45   2003-OCT   200310   613
46   2003-NOV   200311   628
47   2003-DEC   200312   629
48   2004-JAN   200401   644
49   2004-FEB   200402   646
50   2004-MAR   200403   654
51   2004-APR   200404   661
52   2004-MAY   200405   669
53   2004-JUN   200406   684
54   2004-JUL   200407   713
55   2004-AUG   200408   721
56   2004-SEP   200409   732
57   2004-OCT   200410   734
58   2004-NOV   200411   737
59   2004-DEC   200412   745
60   2005-JAN   200501   749
61   2005-FEB   200502   752
62   2005-MAR   200503   778
63   2005-APR   200504   793
64   2005-MAY   200505   813
65   2005-JUN   200506   815
66   2005-JUL   200507   853
67   2005-AUG   200508   871
68   2005-SEP   200509   890
69   2005-OCT   200510   904
70   2005-NOV   200511   931
71   2005-DEC   200512   938
72   2006-JAN   200601   946
73   2006-FEB   200602   961
74   2006-MAR   200603   961
75   2006-APR   200604   961
76   2006-MAY   200605   961
77   2006-JUN   200606   961
78   2006-JUL   200607   1032
79   2006-AUG   200608   1089
80   2006-SEP   200609   1142
81   2006-OCT   200610   1198
82   2006-NOV   200611   1235
83   2006-DEC   200612   1260
84   2007-JAN   200701   1336
85   2007-FEB   200702   1397
86   2007-MAR   200703   1446
87   2007-APR   200704   1530
88   2007-MAY   200705   1571
89   2007-JUN   200706   1632
90   2007-JUL   200707   1664
91   2007-AUG   200708   1700
92   2007-SEP   200709   1776
93   2007-OCT   200710   1815
94   2007-NOV   200711   1855
95   2007-DEC   200712   1877
96   2008-JAN   200801   1944
97   2008-FEB   200802   2004
98   2008-MAR   200803   2043
99   2008-APR   200804   2088
100   2008-MAY   200805   2131
101   2008-JUN   200806   2164
102   2008-JUL   200807   2208
103   2008-AUG   200808   2239
104   2008-SEP   200809   2283
105   2008-OCT   200810   2319
106   2008-NOV   200811   2341
107   2008-DEC   200812   2360
108   2009-JAN   200901   2390
109   2009-FEB   200902   2406
110   2009-MAR   200903   2430
111   2009-APR   200904   2467
112   2009-MAY   200905   2504
113   2009-JUN   200906   2523
114   2009-JUL   200907   2541
115   2009-AUG   200908   2557
116   2009-SEP   200909   2577
117   2009-OCT   200910   2595
118   2009-NOV   200911   2605
119   2009-DEC   200912   2627
120   2010-JAN   201001   2647
121   2010-FEB   201002   2659
122   2010-MAR   201003   2686
123   2010-APR   201004   2692
