0   AAAAMM   000000   0
1   2000-FEB   200002   2
2   2000-MAR   200003   6
3   2000-APR   200004   7
4   2000-MAY   200005   62
5   2000-JUN   200006   86
6   2000-JUL   200007   141
7   2000-AUG   200008   154
8   2000-SEP   200009   178
9   2000-OCT   200010   192
10   2000-NOV   200011   221
11   2000-DEC   200012   290
12   2001-JAN   200101   336
13   2001-FEB   200102   420
14   2001-MAR   200103   534
15   2001-APR   200104   574
16   2001-MAY   200105   739
17   2001-JUN   200106   894
18   2001-JUL   200107   939
19   2001-AUG   200108   1014
20   2001-SEP   200109   1085
21   2001-OCT   200110   1166
22   2001-NOV   200111   1223
23   2001-DEC   200112   1454
24   2002-JAN   200201   1523
25   2002-FEB   200202   1611
26   2002-MAR   200203   1696
27   2002-APR   200204   1784
28   2002-MAY   200205   1935
29   2002-JUN   200206   2030
30   2002-JUL   200207   2101
31   2002-AUG   200208   2240
32   2002-SEP   200209   2346
33   2002-OCT   200210   2924
34   2002-NOV   200211   3030
35   2002-DEC   200212   3091
36   2003-JAN   200301   3180
37   2003-FEB   200302   3315
38   2003-MAR   200303   3494
39   2003-APR   200304   3607
40   2003-MAY   200305   3744
41   2003-JUN   200306   3819
42   2003-JUL   200307   3912
43   2003-AUG   200308   4006
44   2003-SEP   200309   4131
45   2003-OCT   200310   4225
46   2003-NOV   200311   4303
47   2003-DEC   200312   4405
48   2004-JAN   200401   4484
49   2004-FEB   200402   4551
50   2004-MAR   200403   4647
51   2004-APR   200404   4765
52   2004-MAY   200405   4842
53   2004-JUN   200406   4998
54   2004-JUL   200407   5123
55   2004-AUG   200408   5260
56   2004-SEP   200409   5376
57   2004-OCT   200410   5486
58   2004-NOV   200411   5587
59   2004-DEC   200412   5713
60   2005-JAN   200501   5913
61   2005-FEB   200502   6074
62   2005-MAR   200503   6229
63   2005-APR   200504   6328
64   2005-MAY   200505   6447
65   2005-JUN   200506   6832
66   2005-JUL   200507   6974
67   2005-AUG   200508   7099
68   2005-SEP   200509   7224
69   2005-OCT   200510   7368
70   2005-NOV   200511   7571
71   2005-DEC   200512   7682
72   2006-JAN   200601   7863
73   2006-FEB   200602   7965
74   2006-MAR   200603   7965
75   2006-APR   200604   7965
76   2006-MAY   200605   7965
77   2006-JUN   200606   7965
78   2006-JUL   200607   8229
79   2006-AUG   200608   8509
80   2006-SEP   200609   8836
81   2006-OCT   200610   9227
82   2006-NOV   200611   9577
83   2006-DEC   200612   9778
84   2007-JAN   200701   10094
85   2007-FEB   200702   10366
86   2007-MAR   200703   10651
87   2007-APR   200704   10892
88   2007-MAY   200705   11180
89   2007-JUN   200706   11522
90   2007-JUL   200707   11734
91   2007-AUG   200708   11983
92   2007-SEP   200709   12224
93   2007-OCT   200710   12542
94   2007-NOV   200711   12714
95   2007-DEC   200712   12872
96   2008-JAN   200801   13085
97   2008-FEB   200802   13334
98   2008-MAR   200803   13601
99   2008-APR   200804   13881
100   2008-MAY   200805   14136
101   2008-JUN   200806   14325
102   2008-JUL   200807   14537
103   2008-AUG   200808   14732
104   2008-SEP   200809   14948
105   2008-OCT   200810   15176
106   2008-NOV   200811   15355
107   2008-DEC   200812   15530
108   2009-JAN   200901   15716
109   2009-FEB   200902   16000
110   2009-MAR   200903   16234
111   2009-APR   200904   16418
112   2009-MAY   200905   16639
113   2009-JUN   200906   16789
114   2009-JUL   200907   16952
115   2009-AUG   200908   17122
116   2009-SEP   200909   17258
117   2009-OCT   200910   17354
118   2009-NOV   200911   17482
119   2009-DEC   200912   17604
120   2010-JAN   201001   17758
121   2010-FEB   201002   17899
122   2010-MAR   201003   18062
123   2010-APR   201004   18117
