0   AAAAMM   000000   136371
1   2000-FEB   200002   136369
2   2000-MAR   200003   136365
3   2000-APR   200004   136364
4   2000-MAY   200005   136309
5   2000-JUN   200006   136285
6   2000-JUL   200007   136230
7   2000-AUG   200008   136217
8   2000-SEP   200009   136193
9   2000-OCT   200010   136179
10   2000-NOV   200011   136150
11   2000-DEC   200012   136081
12   2001-JAN   200101   136035
13   2001-FEB   200102   135951
14   2001-MAR   200103   135837
15   2001-APR   200104   135797
16   2001-MAY   200105   135632
17   2001-JUN   200106   135477
18   2001-JUL   200107   135432
19   2001-AUG   200108   135357
20   2001-SEP   200109   135286
21   2001-OCT   200110   135205
22   2001-NOV   200111   135148
23   2001-DEC   200112   134917
24   2002-JAN   200201   134848
25   2002-FEB   200202   134760
26   2002-MAR   200203   134675
27   2002-APR   200204   134587
28   2002-MAY   200205   134436
29   2002-JUN   200206   134341
30   2002-JUL   200207   134270
31   2002-AUG   200208   134131
32   2002-SEP   200209   134025
33   2002-OCT   200210   133447
34   2002-NOV   200211   133341
35   2002-DEC   200212   133280
36   2003-JAN   200301   133191
37   2003-FEB   200302   133056
38   2003-MAR   200303   132877
39   2003-APR   200304   132764
40   2003-MAY   200305   132627
41   2003-JUN   200306   132552
42   2003-JUL   200307   132459
43   2003-AUG   200308   132365
44   2003-SEP   200309   132240
45   2003-OCT   200310   132146
46   2003-NOV   200311   132068
47   2003-DEC   200312   131966
48   2004-JAN   200401   131887
49   2004-FEB   200402   131820
50   2004-MAR   200403   131724
51   2004-APR   200404   131606
52   2004-MAY   200405   131529
53   2004-JUN   200406   131373
54   2004-JUL   200407   131248
55   2004-AUG   200408   131111
56   2004-SEP   200409   130995
57   2004-OCT   200410   130885
58   2004-NOV   200411   130784
59   2004-DEC   200412   130658
60   2005-JAN   200501   130458
61   2005-FEB   200502   130297
62   2005-MAR   200503   130142
63   2005-APR   200504   130043
64   2005-MAY   200505   129924
65   2005-JUN   200506   129539
66   2005-JUL   200507   129397
67   2005-AUG   200508   129272
68   2005-SEP   200509   129147
69   2005-OCT   200510   129003
70   2005-NOV   200511   128800
71   2005-DEC   200512   128689
72   2006-JAN   200601   128508
73   2006-FEB   200602   128406
74   2006-MAR   200603   128406
75   2006-APR   200604   128406
76   2006-MAY   200605   128406
77   2006-JUN   200606   128406
78   2006-JUL   200607   128142
79   2006-AUG   200608   127862
80   2006-SEP   200609   127535
81   2006-OCT   200610   127144
82   2006-NOV   200611   126794
83   2006-DEC   200612   126593
84   2007-JAN   200701   126277
85   2007-FEB   200702   126005
86   2007-MAR   200703   125720
87   2007-APR   200704   125479
88   2007-MAY   200705   125191
89   2007-JUN   200706   124849
90   2007-JUL   200707   124637
91   2007-AUG   200708   124388
92   2007-SEP   200709   124147
93   2007-OCT   200710   123829
94   2007-NOV   200711   123657
95   2007-DEC   200712   123499
96   2008-JAN   200801   123286
97   2008-FEB   200802   123037
98   2008-MAR   200803   122770
99   2008-APR   200804   122490
100   2008-MAY   200805   122235
101   2008-JUN   200806   122046
102   2008-JUL   200807   121834
103   2008-AUG   200808   121639
104   2008-SEP   200809   121423
105   2008-OCT   200810   121195
106   2008-NOV   200811   121016
107   2008-DEC   200812   120841
108   2009-JAN   200901   120655
109   2009-FEB   200902   120371
110   2009-MAR   200903   120137
111   2009-APR   200904   119953
112   2009-MAY   200905   119732
113   2009-JUN   200906   119582
114   2009-JUL   200907   119419
115   2009-AUG   200908   119249
116   2009-SEP   200909   119113
117   2009-OCT   200910   119017
118   2009-NOV   200911   118889
119   2009-DEC   200912   118767
120   2010-JAN   201001   118613
121   2010-FEB   201002   118472
122   2010-MAR   201003   118309
123   2010-APR   201004   118254
