0   AAAAMM   000000   142373
1   2000-FEB   200002   142199
2   2000-MAR   200003   141892
3   2000-APR   200004   141777
4   2000-MAY   200005   141526
5   2000-JUN   200006   141380
6   2000-JUL   200007   141026
7   2000-AUG   200008   140773
8   2000-SEP   200009   140563
9   2000-OCT   200010   140220
10   2000-NOV   200011   139985
11   2000-DEC   200012   139704
12   2001-JAN   200101   139342
13   2001-FEB   200102   138953
14   2001-MAR   200103   138415
15   2001-APR   200104   137945
16   2001-MAY   200105   137312
17   2001-JUN   200106   136658
18   2001-JUL   200107   136254
19   2001-AUG   200108   135888
20   2001-SEP   200109   135487
21   2001-OCT   200110   134873
22   2001-NOV   200111   134438
23   2001-DEC   200112   134196
24   2002-JAN   200201   133615
25   2002-FEB   200202   133033
26   2002-MAR   200203   132607
27   2002-APR   200204   132080
28   2002-MAY   200205   131368
29   2002-JUN   200206   130864
30   2002-JUL   200207   130209
31   2002-AUG   200208   129728
32   2002-SEP   200209   129194
33   2002-OCT   200210   128511
34   2002-NOV   200211   127889
35   2002-DEC   200212   127398
36   2003-JAN   200301   126799
37   2003-FEB   200302   126017
38   2003-MAR   200303   125330
39   2003-APR   200304   124804
40   2003-MAY   200305   124255
41   2003-JUN   200306   123835
42   2003-JUL   200307   123266
43   2003-AUG   200308   122861
44   2003-SEP   200309   122309
45   2003-OCT   200310   121751
46   2003-NOV   200311   121388
47   2003-DEC   200312   120977
48   2004-JAN   200401   120445
49   2004-FEB   200402   119886
50   2004-MAR   200403   119373
51   2004-APR   200404   118834
52   2004-MAY   200405   118290
53   2004-JUN   200406   117573
54   2004-JUL   200407   117004
55   2004-AUG   200408   116497
56   2004-SEP   200409   115970
57   2004-OCT   200410   115256
58   2004-NOV   200411   114617
59   2004-DEC   200412   114191
60   2005-JAN   200501   113538
61   2005-FEB   200502   113047
62   2005-MAR   200503   112254
63   2005-APR   200504   111671
64   2005-MAY   200505   111136
65   2005-JUN   200506   110662
66   2005-JUL   200507   110130
67   2005-AUG   200508   109639
68   2005-SEP   200509   109248
69   2005-OCT   200510   108710
70   2005-NOV   200511   108154
71   2005-DEC   200512   107718
72   2006-JAN   200601   107275
73   2006-FEB   200602   106889
74   2006-MAR   200603   106889
75   2006-APR   200604   106889
76   2006-MAY   200605   106889
77   2006-JUN   200606   106889
78   2006-JUL   200607   106174
79   2006-AUG   200608   105294
80   2006-SEP   200609   104220
81   2006-OCT   200610   103083
82   2006-NOV   200611   102030
83   2006-DEC   200612   101424
84   2007-JAN   200701   100447
85   2007-FEB   200702   99418
86   2007-MAR   200703   98444
87   2007-APR   200704   97592
88   2007-MAY   200705   96802
89   2007-JUN   200706   95740
90   2007-JUL   200707   95161
91   2007-AUG   200708   94345
92   2007-SEP   200709   93314
93   2007-OCT   200710   92218
94   2007-NOV   200711   91304
95   2007-DEC   200712   90707
96   2008-JAN   200801   89717
97   2008-FEB   200802   88584
98   2008-MAR   200803   87522
99   2008-APR   200804   86608
100   2008-MAY   200805   85828
101   2008-JUN   200806   85155
102   2008-JUL   200807   84266
103   2008-AUG   200808   83617
104   2008-SEP   200809   82892
105   2008-OCT   200810   82202
106   2008-NOV   200811   81437
107   2008-DEC   200812   80807
108   2009-JAN   200901   80151
109   2009-FEB   200902   79297
110   2009-MAR   200903   78472
111   2009-APR   200904   77774
112   2009-MAY   200905   77032
113   2009-JUN   200906   76516
114   2009-JUL   200907   76082
115   2009-AUG   200908   75712
116   2009-SEP   200909   75261
117   2009-OCT   200910   74846
118   2009-NOV   200911   74396
119   2009-DEC   200912   74101
120   2010-JAN   201001   73672
121   2010-FEB   201002   73256
122   2010-MAR   201003   72782
123   2010-APR   201004   72642
