0   AAAAMM   000000   0
1   2000-FEB   200002   174
2   2000-MAR   200003   481
3   2000-APR   200004   596
4   2000-MAY   200005   847
5   2000-JUN   200006   993
6   2000-JUL   200007   1347
7   2000-AUG   200008   1600
8   2000-SEP   200009   1810
9   2000-OCT   200010   2153
10   2000-NOV   200011   2388
11   2000-DEC   200012   2669
12   2001-JAN   200101   3031
13   2001-FEB   200102   3420
14   2001-MAR   200103   3958
15   2001-APR   200104   4428
16   2001-MAY   200105   5061
17   2001-JUN   200106   5715
18   2001-JUL   200107   6119
19   2001-AUG   200108   6485
20   2001-SEP   200109   6886
21   2001-OCT   200110   7500
22   2001-NOV   200111   7935
23   2001-DEC   200112   8177
24   2002-JAN   200201   8758
25   2002-FEB   200202   9340
26   2002-MAR   200203   9766
27   2002-APR   200204   10293
28   2002-MAY   200205   11005
29   2002-JUN   200206   11509
30   2002-JUL   200207   12164
31   2002-AUG   200208   12645
32   2002-SEP   200209   13179
33   2002-OCT   200210   13862
34   2002-NOV   200211   14484
35   2002-DEC   200212   14975
36   2003-JAN   200301   15574
37   2003-FEB   200302   16356
38   2003-MAR   200303   17043
39   2003-APR   200304   17569
40   2003-MAY   200305   18118
41   2003-JUN   200306   18538
42   2003-JUL   200307   19107
43   2003-AUG   200308   19512
44   2003-SEP   200309   20064
45   2003-OCT   200310   20622
46   2003-NOV   200311   20985
47   2003-DEC   200312   21396
48   2004-JAN   200401   21928
49   2004-FEB   200402   22487
50   2004-MAR   200403   23000
51   2004-APR   200404   23539
52   2004-MAY   200405   24083
53   2004-JUN   200406   24800
54   2004-JUL   200407   25369
55   2004-AUG   200408   25876
56   2004-SEP   200409   26403
57   2004-OCT   200410   27117
58   2004-NOV   200411   27756
59   2004-DEC   200412   28182
60   2005-JAN   200501   28835
61   2005-FEB   200502   29326
62   2005-MAR   200503   30119
63   2005-APR   200504   30702
64   2005-MAY   200505   31237
65   2005-JUN   200506   31711
66   2005-JUL   200507   32243
67   2005-AUG   200508   32734
68   2005-SEP   200509   33125
69   2005-OCT   200510   33663
70   2005-NOV   200511   34219
71   2005-DEC   200512   34655
72   2006-JAN   200601   35098
73   2006-FEB   200602   35484
74   2006-MAR   200603   35484
75   2006-APR   200604   35484
76   2006-MAY   200605   35484
77   2006-JUN   200606   35484
78   2006-JUL   200607   36199
79   2006-AUG   200608   37079
80   2006-SEP   200609   38153
81   2006-OCT   200610   39290
82   2006-NOV   200611   40343
83   2006-DEC   200612   40949
84   2007-JAN   200701   41926
85   2007-FEB   200702   42955
86   2007-MAR   200703   43929
87   2007-APR   200704   44781
88   2007-MAY   200705   45571
89   2007-JUN   200706   46633
90   2007-JUL   200707   47212
91   2007-AUG   200708   48028
92   2007-SEP   200709   49059
93   2007-OCT   200710   50155
94   2007-NOV   200711   51069
95   2007-DEC   200712   51666
96   2008-JAN   200801   52656
97   2008-FEB   200802   53789
98   2008-MAR   200803   54851
99   2008-APR   200804   55765
100   2008-MAY   200805   56545
101   2008-JUN   200806   57218
102   2008-JUL   200807   58107
103   2008-AUG   200808   58756
104   2008-SEP   200809   59481
105   2008-OCT   200810   60171
106   2008-NOV   200811   60936
107   2008-DEC   200812   61566
108   2009-JAN   200901   62222
109   2009-FEB   200902   63076
110   2009-MAR   200903   63901
111   2009-APR   200904   64599
112   2009-MAY   200905   65341
113   2009-JUN   200906   65857
114   2009-JUL   200907   66291
115   2009-AUG   200908   66661
116   2009-SEP   200909   67112
117   2009-OCT   200910   67527
118   2009-NOV   200911   67977
119   2009-DEC   200912   68272
120   2010-JAN   201001   68701
121   2010-FEB   201002   69117
122   2010-MAR   201003   69591
123   2010-APR   201004   69731
