0   AAAAMM   000000   0
1   2000-FEB   200002   5
2   2000-MAR   200003   5
3   2000-APR   200004   19
4   2000-MAY   200005   28
5   2000-JUN   200006   31
6   2000-JUL   200007   208
7   2000-AUG   200008   221
8   2000-SEP   200009   254
9   2000-OCT   200010   280
10   2000-NOV   200011   285
11   2000-DEC   200012   286
12   2001-JAN   200101   289
13   2001-FEB   200102   317
14   2001-MAR   200103   331
15   2001-APR   200104   343
16   2001-MAY   200105   399
17   2001-JUN   200106   417
18   2001-JUL   200107   450
19   2001-AUG   200108   466
20   2001-SEP   200109   491
21   2001-OCT   200110   533
22   2001-NOV   200111   543
23   2001-DEC   200112   571
24   2002-JAN   200201   625
25   2002-FEB   200202   716
26   2002-MAR   200203   749
27   2002-APR   200204   804
28   2002-MAY   200205   863
29   2002-JUN   200206   944
30   2002-JUL   200207   1015
31   2002-AUG   200208   1085
32   2002-SEP   200209   1144
33   2002-OCT   200210   1233
34   2002-NOV   200211   1337
35   2002-DEC   200212   1433
36   2003-JAN   200301   1611
37   2003-FEB   200302   1713
38   2003-MAR   200303   1884
39   2003-APR   200304   1945
40   2003-MAY   200305   2071
41   2003-JUN   200306   2138
42   2003-JUL   200307   2240
43   2003-AUG   200308   2301
44   2003-SEP   200309   2402
45   2003-OCT   200310   2498
46   2003-NOV   200311   2600
47   2003-DEC   200312   2679
48   2004-JAN   200401   2789
49   2004-FEB   200402   2904
50   2004-MAR   200403   3023
51   2004-APR   200404   3244
52   2004-MAY   200405   3378
53   2004-JUN   200406   3531
54   2004-JUL   200407   3665
55   2004-AUG   200408   3787
56   2004-SEP   200409   3984
57   2004-OCT   200410   4107
58   2004-NOV   200411   4252
59   2004-DEC   200412   4388
60   2005-JAN   200501   4497
61   2005-FEB   200502   4618
62   2005-MAR   200503   4721
63   2005-APR   200504   4890
64   2005-MAY   200505   5032
65   2005-JUN   200506   5172
66   2005-JUL   200507   5305
67   2005-AUG   200508   5395
68   2005-SEP   200509   5560
69   2005-OCT   200510   5715
70   2005-NOV   200511   5838
71   2005-DEC   200512   5973
72   2006-JAN   200601   6110
73   2006-FEB   200602   6221
74   2006-MAR   200603   6221
75   2006-APR   200604   6221
76   2006-MAY   200605   6221
77   2006-JUN   200606   6221
78   2006-JUL   200607   6488
79   2006-AUG   200608   6767
80   2006-SEP   200609   7075
81   2006-OCT   200610   7316
82   2006-NOV   200611   7566
83   2006-DEC   200612   7721
84   2007-JAN   200701   8003
85   2007-FEB   200702   8253
86   2007-MAR   200703   8519
87   2007-APR   200704   8778
88   2007-MAY   200705   9088
89   2007-JUN   200706   9421
90   2007-JUL   200707   9655
91   2007-AUG   200708   9919
92   2007-SEP   200709   10190
93   2007-OCT   200710   10450
94   2007-NOV   200711   10660
95   2007-DEC   200712   10812
96   2008-JAN   200801   11082
97   2008-FEB   200802   11384
98   2008-MAR   200803   11677
99   2008-APR   200804   11967
100   2008-MAY   200805   12206
101   2008-JUN   200806   12398
102   2008-JUL   200807   12610
103   2008-AUG   200808   12860
104   2008-SEP   200809   13119
105   2008-OCT   200810   13330
106   2008-NOV   200811   13534
107   2008-DEC   200812   13749
108   2009-JAN   200901   13986
109   2009-FEB   200902   14197
110   2009-MAR   200903   14431
111   2009-APR   200904   14654
112   2009-MAY   200905   14887
113   2009-JUN   200906   15050
114   2009-JUL   200907   15226
115   2009-AUG   200908   15419
116   2009-SEP   200909   15546
117   2009-OCT   200910   15717
118   2009-NOV   200911   15847
119   2009-DEC   200912   15989
120   2010-JAN   201001   16191
121   2010-FEB   201002   16351
122   2010-MAR   201003   16541
123   2010-APR   201004   16613
