0   AAAAMM   000000   151343
1   2000-FEB   200002   151338
2   2000-MAR   200003   151338
3   2000-APR   200004   151324
4   2000-MAY   200005   151315
5   2000-JUN   200006   151312
6   2000-JUL   200007   151135
7   2000-AUG   200008   151122
8   2000-SEP   200009   151089
9   2000-OCT   200010   151063
10   2000-NOV   200011   151058
11   2000-DEC   200012   151057
12   2001-JAN   200101   151054
13   2001-FEB   200102   151026
14   2001-MAR   200103   151012
15   2001-APR   200104   151000
16   2001-MAY   200105   150944
17   2001-JUN   200106   150926
18   2001-JUL   200107   150893
19   2001-AUG   200108   150877
20   2001-SEP   200109   150852
21   2001-OCT   200110   150810
22   2001-NOV   200111   150800
23   2001-DEC   200112   150772
24   2002-JAN   200201   150718
25   2002-FEB   200202   150627
26   2002-MAR   200203   150594
27   2002-APR   200204   150539
28   2002-MAY   200205   150480
29   2002-JUN   200206   150399
30   2002-JUL   200207   150328
31   2002-AUG   200208   150258
32   2002-SEP   200209   150199
33   2002-OCT   200210   150110
34   2002-NOV   200211   150006
35   2002-DEC   200212   149910
36   2003-JAN   200301   149732
37   2003-FEB   200302   149630
38   2003-MAR   200303   149459
39   2003-APR   200304   149398
40   2003-MAY   200305   149272
41   2003-JUN   200306   149205
42   2003-JUL   200307   149103
43   2003-AUG   200308   149042
44   2003-SEP   200309   148941
45   2003-OCT   200310   148845
46   2003-NOV   200311   148743
47   2003-DEC   200312   148664
48   2004-JAN   200401   148554
49   2004-FEB   200402   148439
50   2004-MAR   200403   148320
51   2004-APR   200404   148099
52   2004-MAY   200405   147965
53   2004-JUN   200406   147812
54   2004-JUL   200407   147678
55   2004-AUG   200408   147556
56   2004-SEP   200409   147359
57   2004-OCT   200410   147236
58   2004-NOV   200411   147091
59   2004-DEC   200412   146955
60   2005-JAN   200501   146846
61   2005-FEB   200502   146725
62   2005-MAR   200503   146622
63   2005-APR   200504   146453
64   2005-MAY   200505   146311
65   2005-JUN   200506   146171
66   2005-JUL   200507   146038
67   2005-AUG   200508   145948
68   2005-SEP   200509   145783
69   2005-OCT   200510   145628
70   2005-NOV   200511   145505
71   2005-DEC   200512   145370
72   2006-JAN   200601   145233
73   2006-FEB   200602   145122
74   2006-MAR   200603   145122
75   2006-APR   200604   145122
76   2006-MAY   200605   145122
77   2006-JUN   200606   145122
78   2006-JUL   200607   144855
79   2006-AUG   200608   144576
80   2006-SEP   200609   144268
81   2006-OCT   200610   144027
82   2006-NOV   200611   143777
83   2006-DEC   200612   143622
84   2007-JAN   200701   143340
85   2007-FEB   200702   143090
86   2007-MAR   200703   142824
87   2007-APR   200704   142565
88   2007-MAY   200705   142255
89   2007-JUN   200706   141922
90   2007-JUL   200707   141688
91   2007-AUG   200708   141424
92   2007-SEP   200709   141153
93   2007-OCT   200710   140893
94   2007-NOV   200711   140683
95   2007-DEC   200712   140531
96   2008-JAN   200801   140261
97   2008-FEB   200802   139959
98   2008-MAR   200803   139666
99   2008-APR   200804   139376
100   2008-MAY   200805   139137
101   2008-JUN   200806   138945
102   2008-JUL   200807   138733
103   2008-AUG   200808   138483
104   2008-SEP   200809   138224
105   2008-OCT   200810   138013
106   2008-NOV   200811   137809
107   2008-DEC   200812   137594
108   2009-JAN   200901   137357
109   2009-FEB   200902   137146
110   2009-MAR   200903   136912
111   2009-APR   200904   136689
112   2009-MAY   200905   136456
113   2009-JUN   200906   136293
114   2009-JUL   200907   136117
115   2009-AUG   200908   135924
116   2009-SEP   200909   135797
117   2009-OCT   200910   135626
118   2009-NOV   200911   135496
119   2009-DEC   200912   135354
120   2010-JAN   201001   135152
121   2010-FEB   201002   134992
122   2010-MAR   201003   134802
123   2010-APR   201004   134730
