0   AAAAMM   000000   151660
1   2000-FEB   200002   151280
2   2000-MAR   200003   150930
3   2000-APR   200004   150588
4   2000-MAY   200005   150109
5   2000-JUN   200006   149572
6   2000-JUL   200007   149076
7   2000-AUG   200008   148731
8   2000-SEP   200009   148373
9   2000-OCT   200010   147986
10   2000-NOV   200011   147665
11   2000-DEC   200012   147419
12   2001-JAN   200101   147064
13   2001-FEB   200102   146658
14   2001-MAR   200103   146058
15   2001-APR   200104   145518
16   2001-MAY   200105   144986
17   2001-JUN   200106   144578
18   2001-JUL   200107   144048
19   2001-AUG   200108   143545
20   2001-SEP   200109   143102
21   2001-OCT   200110   142439
22   2001-NOV   200111   141988
23   2001-DEC   200112   141675
24   2002-JAN   200201   141233
25   2002-FEB   200202   140736
26   2002-MAR   200203   140285
27   2002-APR   200204   139731
28   2002-MAY   200205   139185
29   2002-JUN   200206   138789
30   2002-JUL   200207   138245
31   2002-AUG   200208   137840
32   2002-SEP   200209   137345
33   2002-OCT   200210   136708
34   2002-NOV   200211   136268
35   2002-DEC   200212   135852
36   2003-JAN   200301   135192
37   2003-FEB   200302   134728
38   2003-MAR   200303   134076
39   2003-APR   200304   133607
40   2003-MAY   200305   133228
41   2003-JUN   200306   132975
42   2003-JUL   200307   132489
43   2003-AUG   200308   132100
44   2003-SEP   200309   131525
45   2003-OCT   200310   130893
46   2003-NOV   200311   130574
47   2003-DEC   200312   130131
48   2004-JAN   200401   129585
49   2004-FEB   200402   129145
50   2004-MAR   200403   128668
51   2004-APR   200404   128139
52   2004-MAY   200405   127667
53   2004-JUN   200406   127247
54   2004-JUL   200407   126744
55   2004-AUG   200408   126373
56   2004-SEP   200409   126012
57   2004-OCT   200410   125600
58   2004-NOV   200411   125134
59   2004-DEC   200412   124763
60   2005-JAN   200501   124286
61   2005-FEB   200502   123884
62   2005-MAR   200503   123462
63   2005-APR   200504   123047
64   2005-MAY   200505   122628
65   2005-JUN   200506   122231
66   2005-JUL   200507   121704
67   2005-AUG   200508   121317
68   2005-SEP   200509   120887
69   2005-OCT   200510   120463
70   2005-NOV   200511   120117
71   2005-DEC   200512   119837
72   2006-JAN   200601   119507
73   2006-FEB   200602   119204
74   2006-MAR   200603   119204
75   2006-APR   200604   119204
76   2006-MAY   200605   119204
77   2006-JUN   200606   119204
78   2006-JUL   200607   118657
79   2006-AUG   200608   118039
80   2006-SEP   200609   117375
81   2006-OCT   200610   116676
82   2006-NOV   200611   115961
83   2006-DEC   200612   115630
84   2007-JAN   200701   114852
85   2007-FEB   200702   114274
86   2007-MAR   200703   113710
87   2007-APR   200704   113140
88   2007-MAY   200705   112591
89   2007-JUN   200706   111922
90   2007-JUL   200707   111328
91   2007-AUG   200708   110690
92   2007-SEP   200709   110158
93   2007-OCT   200710   109518
94   2007-NOV   200711   109001
95   2007-DEC   200712   108603
96   2008-JAN   200801   107934
97   2008-FEB   200802   107314
98   2008-MAR   200803   106777
99   2008-APR   200804   106149
100   2008-MAY   200805   105716
101   2008-JUN   200806   105098
102   2008-JUL   200807   104476
103   2008-AUG   200808   103979
104   2008-SEP   200809   103431
105   2008-OCT   200810   102982
106   2008-NOV   200811   102547
107   2008-DEC   200812   102098
108   2009-JAN   200901   101683
109   2009-FEB   200902   101238
110   2009-MAR   200903   100650
111   2009-APR   200904   100202
112   2009-MAY   200905   99648
113   2009-JUN   200906   99259
114   2009-JUL   200907   98934
115   2009-AUG   200908   98607
116   2009-SEP   200909   98226
117   2009-OCT   200910   97892
118   2009-NOV   200911   97628
119   2009-DEC   200912   97365
120   2010-JAN   201001   97008
121   2010-FEB   201002   96658
122   2010-MAR   201003   96345
123   2010-APR   201004   96237
