0   AAAAMM   000000   0
1   2000-FEB   200002   380
2   2000-MAR   200003   730
3   2000-APR   200004   1072
4   2000-MAY   200005   1551
5   2000-JUN   200006   2088
6   2000-JUL   200007   2584
7   2000-AUG   200008   2929
8   2000-SEP   200009   3287
9   2000-OCT   200010   3674
10   2000-NOV   200011   3995
11   2000-DEC   200012   4241
12   2001-JAN   200101   4596
13   2001-FEB   200102   5002
14   2001-MAR   200103   5602
15   2001-APR   200104   6142
16   2001-MAY   200105   6674
17   2001-JUN   200106   7082
18   2001-JUL   200107   7612
19   2001-AUG   200108   8115
20   2001-SEP   200109   8558
21   2001-OCT   200110   9221
22   2001-NOV   200111   9672
23   2001-DEC   200112   9985
24   2002-JAN   200201   10427
25   2002-FEB   200202   10924
26   2002-MAR   200203   11375
27   2002-APR   200204   11929
28   2002-MAY   200205   12475
29   2002-JUN   200206   12871
30   2002-JUL   200207   13415
31   2002-AUG   200208   13820
32   2002-SEP   200209   14315
33   2002-OCT   200210   14952
34   2002-NOV   200211   15392
35   2002-DEC   200212   15808
36   2003-JAN   200301   16468
37   2003-FEB   200302   16932
38   2003-MAR   200303   17584
39   2003-APR   200304   18053
40   2003-MAY   200305   18432
41   2003-JUN   200306   18685
42   2003-JUL   200307   19171
43   2003-AUG   200308   19560
44   2003-SEP   200309   20135
45   2003-OCT   200310   20767
46   2003-NOV   200311   21086
47   2003-DEC   200312   21529
48   2004-JAN   200401   22075
49   2004-FEB   200402   22515
50   2004-MAR   200403   22992
51   2004-APR   200404   23521
52   2004-MAY   200405   23993
53   2004-JUN   200406   24413
54   2004-JUL   200407   24916
55   2004-AUG   200408   25287
56   2004-SEP   200409   25648
57   2004-OCT   200410   26060
58   2004-NOV   200411   26526
59   2004-DEC   200412   26897
60   2005-JAN   200501   27374
61   2005-FEB   200502   27776
62   2005-MAR   200503   28198
63   2005-APR   200504   28613
64   2005-MAY   200505   29032
65   2005-JUN   200506   29429
66   2005-JUL   200507   29956
67   2005-AUG   200508   30343
68   2005-SEP   200509   30773
69   2005-OCT   200510   31197
70   2005-NOV   200511   31543
71   2005-DEC   200512   31823
72   2006-JAN   200601   32153
73   2006-FEB   200602   32456
74   2006-MAR   200603   32456
75   2006-APR   200604   32456
76   2006-MAY   200605   32456
77   2006-JUN   200606   32456
78   2006-JUL   200607   33003
79   2006-AUG   200608   33621
80   2006-SEP   200609   34285
81   2006-OCT   200610   34984
82   2006-NOV   200611   35699
83   2006-DEC   200612   36030
84   2007-JAN   200701   36808
85   2007-FEB   200702   37386
86   2007-MAR   200703   37950
87   2007-APR   200704   38520
88   2007-MAY   200705   39069
89   2007-JUN   200706   39738
90   2007-JUL   200707   40332
91   2007-AUG   200708   40970
92   2007-SEP   200709   41502
93   2007-OCT   200710   42142
94   2007-NOV   200711   42659
95   2007-DEC   200712   43057
96   2008-JAN   200801   43726
97   2008-FEB   200802   44346
98   2008-MAR   200803   44883
99   2008-APR   200804   45511
100   2008-MAY   200805   45944
101   2008-JUN   200806   46562
102   2008-JUL   200807   47184
103   2008-AUG   200808   47681
104   2008-SEP   200809   48229
105   2008-OCT   200810   48678
106   2008-NOV   200811   49113
107   2008-DEC   200812   49562
108   2009-JAN   200901   49977
109   2009-FEB   200902   50422
110   2009-MAR   200903   51010
111   2009-APR   200904   51458
112   2009-MAY   200905   52012
113   2009-JUN   200906   52401
114   2009-JUL   200907   52726
115   2009-AUG   200908   53053
116   2009-SEP   200909   53434
117   2009-OCT   200910   53768
118   2009-NOV   200911   54032
119   2009-DEC   200912   54295
120   2010-JAN   201001   54652
121   2010-FEB   201002   55002
122   2010-MAR   201003   55315
123   2010-APR   201004   55423
