0   AAAAMM   000000   19163
1   2000-FEB   200002   19092
2   2000-MAR   200003   19006
3   2000-APR   200004   18877
4   2000-MAY   200005   18683
5   2000-JUN   200006   18514
6   2000-JUL   200007   18294
7   2000-AUG   200008   18102
8   2000-SEP   200009   17970
9   2000-OCT   200010   17743
10   2000-NOV   200011   17656
11   2000-DEC   200012   17524
12   2001-JAN   200101   17338
13   2001-FEB   200102   17268
14   2001-MAR   200103   17134
15   2001-APR   200104   17021
16   2001-MAY   200105   16828
17   2001-JUN   200106   16705
18   2001-JUL   200107   16512
19   2001-AUG   200108   16391
20   2001-SEP   200109   16273
21   2001-OCT   200110   16012
22   2001-NOV   200111   15918
23   2001-DEC   200112   15797
24   2002-JAN   200201   15674
25   2002-FEB   200202   15507
26   2002-MAR   200203   15383
27   2002-APR   200204   15260
28   2002-MAY   200205   15117
29   2002-JUN   200206   14904
30   2002-JUL   200207   14693
31   2002-AUG   200208   14583
32   2002-SEP   200209   14478
33   2002-OCT   200210   14387
34   2002-NOV   200211   14193
35   2002-DEC   200212   14107
36   2003-JAN   200301   13913
37   2003-FEB   200302   13841
38   2003-MAR   200303   13759
39   2003-APR   200304   13665
40   2003-MAY   200305   13512
41   2003-JUN   200306   13467
42   2003-JUL   200307   13278
43   2003-AUG   200308   13072
44   2003-SEP   200309   12945
45   2003-OCT   200310   12617
46   2003-NOV   200311   12532
47   2003-DEC   200312   12417
48   2004-JAN   200401   12311
49   2004-FEB   200402   12175
50   2004-MAR   200403   12050
51   2004-APR   200404   11925
52   2004-MAY   200405   11793
53   2004-JUN   200406   11662
54   2004-JUL   200407   11534
55   2004-AUG   200408   11404
56   2004-SEP   200409   11280
57   2004-OCT   200410   11095
58   2004-NOV   200411   11009
59   2004-DEC   200412   10907
60   2005-JAN   200501   10767
61   2005-FEB   200502   10628
62   2005-MAR   200503   10475
63   2005-APR   200504   10354
64   2005-MAY   200505   10220
65   2005-JUN   200506   10082
66   2005-JUL   200507   9955
67   2005-AUG   200508   9765
68   2005-SEP   200509   9648
69   2005-OCT   200510   9486
70   2005-NOV   200511   9351
71   2005-DEC   200512   9258
72   2006-JAN   200601   9160
73   2006-FEB   200602   9063
74   2006-MAR   200603   9063
75   2006-APR   200604   9063
76   2006-MAY   200605   9063
77   2006-JUN   200606   9063
78   2006-JUL   200607   8837
79   2006-AUG   200608   8617
80   2006-SEP   200609   8399
81   2006-OCT   200610   8158
82   2006-NOV   200611   7927
83   2006-DEC   200612   7805
84   2007-JAN   200701   7551
85   2007-FEB   200702   7368
86   2007-MAR   200703   7165
87   2007-APR   200704   6978
88   2007-MAY   200705   6793
89   2007-JUN   200706   6516
90   2007-JUL   200707   6324
91   2007-AUG   200708   6074
92   2007-SEP   200709   5871
93   2007-OCT   200710   5676
94   2007-NOV   200711   5460
95   2007-DEC   200712   5285
96   2008-JAN   200801   5000
97   2008-FEB   200802   4723
98   2008-MAR   200803   4445
99   2008-APR   200804   4170
100   2008-MAY   200805   3977
101   2008-JUN   200806   3776
102   2008-JUL   200807   3551
103   2008-AUG   200808   3346
104   2008-SEP   200809   3144
105   2008-OCT   200810   2952
106   2008-NOV   200811   2762
107   2008-DEC   200812   2595
108   2009-JAN   200901   2373
109   2009-FEB   200902   2192
110   2009-MAR   200903   2016
111   2009-APR   200904   1840
112   2009-MAY   200905   1581
113   2009-JUN   200906   1434
114   2009-JUL   200907   1233
115   2009-AUG   200908   1086
116   2009-SEP   200909   906
117   2009-OCT   200910   754
118   2009-NOV   200911   646
119   2009-DEC   200912   513
120   2010-JAN   201001   366
121   2010-FEB   201002   223
122   2010-MAR   201003   83
123   2010-APR   201004   40
