0   AAAAMM   000000   0
1   2000-FEB   200002   71
2   2000-MAR   200003   157
3   2000-APR   200004   286
4   2000-MAY   200005   480
5   2000-JUN   200006   649
6   2000-JUL   200007   869
7   2000-AUG   200008   1061
8   2000-SEP   200009   1193
9   2000-OCT   200010   1420
10   2000-NOV   200011   1507
11   2000-DEC   200012   1639
12   2001-JAN   200101   1825
13   2001-FEB   200102   1895
14   2001-MAR   200103   2029
15   2001-APR   200104   2142
16   2001-MAY   200105   2335
17   2001-JUN   200106   2458
18   2001-JUL   200107   2651
19   2001-AUG   200108   2772
20   2001-SEP   200109   2890
21   2001-OCT   200110   3151
22   2001-NOV   200111   3245
23   2001-DEC   200112   3366
24   2002-JAN   200201   3489
25   2002-FEB   200202   3656
26   2002-MAR   200203   3780
27   2002-APR   200204   3903
28   2002-MAY   200205   4046
29   2002-JUN   200206   4259
30   2002-JUL   200207   4470
31   2002-AUG   200208   4580
32   2002-SEP   200209   4685
33   2002-OCT   200210   4776
34   2002-NOV   200211   4970
35   2002-DEC   200212   5056
36   2003-JAN   200301   5250
37   2003-FEB   200302   5322
38   2003-MAR   200303   5404
39   2003-APR   200304   5498
40   2003-MAY   200305   5651
41   2003-JUN   200306   5696
42   2003-JUL   200307   5885
43   2003-AUG   200308   6091
44   2003-SEP   200309   6218
45   2003-OCT   200310   6546
46   2003-NOV   200311   6631
47   2003-DEC   200312   6746
48   2004-JAN   200401   6852
49   2004-FEB   200402   6988
50   2004-MAR   200403   7113
51   2004-APR   200404   7238
52   2004-MAY   200405   7370
53   2004-JUN   200406   7501
54   2004-JUL   200407   7629
55   2004-AUG   200408   7759
56   2004-SEP   200409   7883
57   2004-OCT   200410   8068
58   2004-NOV   200411   8154
59   2004-DEC   200412   8256
60   2005-JAN   200501   8396
61   2005-FEB   200502   8535
62   2005-MAR   200503   8688
63   2005-APR   200504   8809
64   2005-MAY   200505   8943
65   2005-JUN   200506   9081
66   2005-JUL   200507   9208
67   2005-AUG   200508   9398
68   2005-SEP   200509   9515
69   2005-OCT   200510   9677
70   2005-NOV   200511   9812
71   2005-DEC   200512   9905
72   2006-JAN   200601   10003
73   2006-FEB   200602   10100
74   2006-MAR   200603   10100
75   2006-APR   200604   10100
76   2006-MAY   200605   10100
77   2006-JUN   200606   10100
78   2006-JUL   200607   10326
79   2006-AUG   200608   10546
80   2006-SEP   200609   10764
81   2006-OCT   200610   11005
82   2006-NOV   200611   11236
83   2006-DEC   200612   11358
84   2007-JAN   200701   11612
85   2007-FEB   200702   11795
86   2007-MAR   200703   11998
87   2007-APR   200704   12185
88   2007-MAY   200705   12370
89   2007-JUN   200706   12647
90   2007-JUL   200707   12839
91   2007-AUG   200708   13089
92   2007-SEP   200709   13292
93   2007-OCT   200710   13487
94   2007-NOV   200711   13703
95   2007-DEC   200712   13878
96   2008-JAN   200801   14163
97   2008-FEB   200802   14440
98   2008-MAR   200803   14718
99   2008-APR   200804   14993
100   2008-MAY   200805   15186
101   2008-JUN   200806   15387
102   2008-JUL   200807   15612
103   2008-AUG   200808   15817
104   2008-SEP   200809   16019
105   2008-OCT   200810   16211
106   2008-NOV   200811   16401
107   2008-DEC   200812   16568
108   2009-JAN   200901   16790
109   2009-FEB   200902   16971
110   2009-MAR   200903   17147
111   2009-APR   200904   17323
112   2009-MAY   200905   17582
113   2009-JUN   200906   17729
114   2009-JUL   200907   17930
115   2009-AUG   200908   18077
116   2009-SEP   200909   18257
117   2009-OCT   200910   18409
118   2009-NOV   200911   18517
119   2009-DEC   200912   18650
120   2010-JAN   201001   18797
121   2010-FEB   201002   18940
122   2010-MAR   201003   19080
123   2010-APR   201004   19123
