0   AAAAMM   000000   0
1   2000-FEB   200002   44
2   2000-MAR   200003   175
3   2000-APR   200004   398
4   2000-MAY   200005   553
5   2000-JUN   200006   695
6   2000-JUL   200007   937
7   2000-AUG   200008   1145
8   2000-SEP   200009   1279
9   2000-OCT   200010   1476
10   2000-NOV   200011   1662
11   2000-DEC   200012   2027
12   2001-JAN   200101   2155
13   2001-FEB   200102   2349
14   2001-MAR   200103   2532
15   2001-APR   200104   2778
16   2001-MAY   200105   3037
17   2001-JUN   200106   3521
18   2001-JUL   200107   3715
19   2001-AUG   200108   3956
20   2001-SEP   200109   4121
21   2001-OCT   200110   4363
22   2001-NOV   200111   4507
23   2001-DEC   200112   4649
24   2002-JAN   200201   4831
25   2002-FEB   200202   5008
26   2002-MAR   200203   5141
27   2002-APR   200204   5330
28   2002-MAY   200205   5538
29   2002-JUN   200206   5696
30   2002-JUL   200207   5868
31   2002-AUG   200208   6028
32   2002-SEP   200209   6276
33   2002-OCT   200210   6426
34   2002-NOV   200211   6601
35   2002-DEC   200212   6756
36   2003-JAN   200301   6913
37   2003-FEB   200302   7054
38   2003-MAR   200303   7173
39   2003-APR   200304   7286
40   2003-MAY   200305   7399
41   2003-JUN   200306   7506
42   2003-JUL   200307   7664
43   2003-AUG   200308   7833
44   2003-SEP   200309   7971
45   2003-OCT   200310   8109
46   2003-NOV   200311   8203
47   2003-DEC   200312   8298
48   2004-JAN   200401   8408
49   2004-FEB   200402   8629
50   2004-MAR   200403   8726
51   2004-APR   200404   8870
52   2004-MAY   200405   8968
53   2004-JUN   200406   9107
54   2004-JUL   200407   9272
55   2004-AUG   200408   9397
56   2004-SEP   200409   9521
57   2004-OCT   200410   9619
58   2004-NOV   200411   9806
59   2004-DEC   200412   9896
60   2005-JAN   200501   10002
61   2005-FEB   200502   10118
62   2005-MAR   200503   10257
63   2005-APR   200504   10310
64   2005-MAY   200505   10425
65   2005-JUN   200506   10614
66   2005-JUL   200507   10711
67   2005-AUG   200508   10821
68   2005-SEP   200509   10928
69   2005-OCT   200510   10989
70   2005-NOV   200511   11075
71   2005-DEC   200512   11187
72   2006-JAN   200601   11253
73   2006-FEB   200602   11283
74   2006-MAR   200603   11283
75   2006-APR   200604   11283
76   2006-MAY   200605   11283
77   2006-JUN   200606   11283
78   2006-JUL   200607   11463
79   2006-AUG   200608   11584
80   2006-SEP   200609   11748
81   2006-OCT   200610   11893
82   2006-NOV   200611   12032
83   2006-DEC   200612   12092
84   2007-JAN   200701   12226
85   2007-FEB   200702   12357
86   2007-MAR   200703   12499
87   2007-APR   200704   12640
88   2007-MAY   200705   12721
89   2007-JUN   200706   12817
90   2007-JUL   200707   12897
91   2007-AUG   200708   12990
92   2007-SEP   200709   13071
93   2007-OCT   200710   13232
94   2007-NOV   200711   13323
95   2007-DEC   200712   13373
96   2008-JAN   200801   13474
97   2008-FEB   200802   13567
98   2008-MAR   200803   13714
99   2008-APR   200804   13779
100   2008-MAY   200805   13849
101   2008-JUN   200806   13915
102   2008-JUL   200807   14004
103   2008-AUG   200808   14071
104   2008-SEP   200809   14154
105   2008-OCT   200810   14216
106   2008-NOV   200811   14276
107   2008-DEC   200812   14345
108   2009-JAN   200901   14441
109   2009-FEB   200902   14510
110   2009-MAR   200903   14587
111   2009-APR   200904   14672
112   2009-MAY   200905   14750
113   2009-JUN   200906   14795
114   2009-JUL   200907   14847
115   2009-AUG   200908   14889
116   2009-SEP   200909   14926
117   2009-OCT   200910   14978
118   2009-NOV   200911   15014
119   2009-DEC   200912   15048
120   2010-JAN   201001   15082
121   2010-FEB   201002   15119
122   2010-MAR   201003   15160
123   2010-APR   201004   15171
