0   AAAAMM   000000   89473
1   2000-FEB   200002   89429
2   2000-MAR   200003   89298
3   2000-APR   200004   89075
4   2000-MAY   200005   88920
5   2000-JUN   200006   88778
6   2000-JUL   200007   88536
7   2000-AUG   200008   88328
8   2000-SEP   200009   88194
9   2000-OCT   200010   87997
10   2000-NOV   200011   87811
11   2000-DEC   200012   87446
12   2001-JAN   200101   87318
13   2001-FEB   200102   87124
14   2001-MAR   200103   86941
15   2001-APR   200104   86695
16   2001-MAY   200105   86436
17   2001-JUN   200106   85952
18   2001-JUL   200107   85758
19   2001-AUG   200108   85517
20   2001-SEP   200109   85352
21   2001-OCT   200110   85110
22   2001-NOV   200111   84966
23   2001-DEC   200112   84824
24   2002-JAN   200201   84642
25   2002-FEB   200202   84465
26   2002-MAR   200203   84332
27   2002-APR   200204   84143
28   2002-MAY   200205   83935
29   2002-JUN   200206   83777
30   2002-JUL   200207   83605
31   2002-AUG   200208   83445
32   2002-SEP   200209   83197
33   2002-OCT   200210   83047
34   2002-NOV   200211   82872
35   2002-DEC   200212   82717
36   2003-JAN   200301   82560
37   2003-FEB   200302   82419
38   2003-MAR   200303   82300
39   2003-APR   200304   82187
40   2003-MAY   200305   82074
41   2003-JUN   200306   81967
42   2003-JUL   200307   81809
43   2003-AUG   200308   81640
44   2003-SEP   200309   81502
45   2003-OCT   200310   81364
46   2003-NOV   200311   81270
47   2003-DEC   200312   81175
48   2004-JAN   200401   81065
49   2004-FEB   200402   80844
50   2004-MAR   200403   80747
51   2004-APR   200404   80603
52   2004-MAY   200405   80505
53   2004-JUN   200406   80366
54   2004-JUL   200407   80201
55   2004-AUG   200408   80076
56   2004-SEP   200409   79952
57   2004-OCT   200410   79854
58   2004-NOV   200411   79667
59   2004-DEC   200412   79577
60   2005-JAN   200501   79471
61   2005-FEB   200502   79355
62   2005-MAR   200503   79216
63   2005-APR   200504   79163
64   2005-MAY   200505   79048
65   2005-JUN   200506   78859
66   2005-JUL   200507   78762
67   2005-AUG   200508   78652
68   2005-SEP   200509   78545
69   2005-OCT   200510   78484
70   2005-NOV   200511   78398
71   2005-DEC   200512   78286
72   2006-JAN   200601   78220
73   2006-FEB   200602   78190
74   2006-MAR   200603   78190
75   2006-APR   200604   78190
76   2006-MAY   200605   78190
77   2006-JUN   200606   78190
78   2006-JUL   200607   78010
79   2006-AUG   200608   77889
80   2006-SEP   200609   77725
81   2006-OCT   200610   77580
82   2006-NOV   200611   77441
83   2006-DEC   200612   77381
84   2007-JAN   200701   77247
85   2007-FEB   200702   77116
86   2007-MAR   200703   76974
87   2007-APR   200704   76833
88   2007-MAY   200705   76752
89   2007-JUN   200706   76656
90   2007-JUL   200707   76576
91   2007-AUG   200708   76483
92   2007-SEP   200709   76402
93   2007-OCT   200710   76241
94   2007-NOV   200711   76150
95   2007-DEC   200712   76100
96   2008-JAN   200801   75999
97   2008-FEB   200802   75906
98   2008-MAR   200803   75759
99   2008-APR   200804   75694
100   2008-MAY   200805   75624
101   2008-JUN   200806   75558
102   2008-JUL   200807   75469
103   2008-AUG   200808   75402
104   2008-SEP   200809   75319
105   2008-OCT   200810   75257
106   2008-NOV   200811   75197
107   2008-DEC   200812   75128
108   2009-JAN   200901   75032
109   2009-FEB   200902   74963
110   2009-MAR   200903   74886
111   2009-APR   200904   74801
112   2009-MAY   200905   74723
113   2009-JUN   200906   74678
114   2009-JUL   200907   74626
115   2009-AUG   200908   74584
116   2009-SEP   200909   74547
117   2009-OCT   200910   74495
118   2009-NOV   200911   74459
119   2009-DEC   200912   74425
120   2010-JAN   201001   74391
121   2010-FEB   201002   74354
122   2010-MAR   201003   74313
123   2010-APR   201004   74302
